584
-102
72
-339
-530
200
177
149
-83
-455
348
96
-565
-100
463
-673
-299
-157
-655
327
408
336
-637
-189
-143
81
387
-212
-400
138
-463
450
150
-176
-65
662
-456
543
222
-699
-70
-668
-673
-321
627
-188
152
-596
580
58
409
-50
-122
-618
187
-527
214
221
-605
-666
460
315
508
426
-485
-569
-624
-642
67
303
-569
-154
378
108
-326
362
-361
-385
-432
-44
-580
87
-378
578
-368
-48
-283
387
-463
137
-219
-628
-678
32
137
-295
-167
425
-674
585
127
-466
81
14
67
643
-211
343
-275
206
-178
548
-176
340
92
81
-463
377
-650
628
-561
-557
408
-665
-198
628
327
623
355
392
-110
-65
305
696
579
71
-83
-295
-140
368
486
548
-645
-335
-617
-620
402
-448
-76
655
77
463
191
289
-434
-75
-86
270
-408
-235
83
651
101
-118
-209
179
-509
-180
156
698
159
688
-288
-331
-252
-247
500
-697
-187
148
-166
589
-447
171
-590
-129
341
-336
113
102
49
-521
-548
460
363
334
-628
214
-243
-114
157
-433
-275
-515
-422
636
6
337
-665
-147
483
-4
-538
-504
-623
288
173
-308
-426
653
-439
-275
-259
-118
198
-217
605
288
517
-218
699
266
-219
382
142
302
25
-472
642
-10
-512
-363
83
507
397
-569
-571
-150
-313
237
469
527
-480
-18
-204
651
613
622
-542
549
622
-521
112
585
-71
-430
-4
-581
247
375
504
-294
-667
-110
76
171
313
-174
556
-509
25
-671
486
-488
166
-339
87
524
694
-416
615
500
-442
298
325
303
394
-342
-557
239
-553
-293
529
336
198
-641
670
19
57
-563
-605
692
-336
334
273
600
-244
257
479
-337
-535
-480
118
-231
-524
-619
504
-254
452
-276
532
-316
126
266
431
382
-191
-158
471
-392
676
512
-551
685
-266
-295
595
452
619
257
-103
-159
556
372
-238
89
-322
-236
562
184
-126
355
-699
88
362
682
-70
-439
17
315
-654
385
195
-111
264
-11
627
312
75
-599
426
-607
450
601
306
511
2
88
-258
71
-315
214
71
-589
336
-433
61
-604
669
461
-174
-681
376
178
208
497
435
-450
-131
399
501
-588
198
440
162
389
633
-256
-594
-480
-512
-101
549
19
49
323
166
-53
13
9
-607
-208
549
-145
29
-476
659
50
510
200
401
489
-464
-488
201
-71
-435
-384
-193
366
401
-205
-531
411
302
455
527
55
-665
38
325
-530
-50
-489
-514
-86
-24
61
249
682
-320
-381
305
-178
664
537
556
-578
324
-80
-100
592
179
631
-384
-366
239
271
-595
-112
544
-77
225
130
125
548
315
75
-391
-482
-327
304
132
224
420
296
516
308
670
-107
-10
-474
119
-410
560
294
-327
-316
-651
697
478
34
543
-440
-647
-6
672
-674
-59
644
-469
-687
500
555
553
-105
76
-464
259
442
389
267
-265
395
-434
-662
-554
519
151
-178
3
-108
260
429
611
-13
-557
-577
219
275
-626
552
28
-478
73
106
20
-49
-468
500
-700
-310
-437
21
73
-456
3
-466
-177
646
656
594
677
-97
-535
311
114
440
485
538
604
-657
-383
-478
667
624
630
67
-308
-383
-38
-167
-647
-3
-674
142
-646
475
-426
84
-696
-633
491
-161
-561
120
86
-641
500
254
635
-340
552
485
-264
-393
-498
17
6
158
-691
-133
-531
-254
-275
-347
5
671
541
121
585
-333
-609
75
376
-546
-331
625
110
79
-188
99
-355
242
71
211
-212
328
-383
-520
300
145
611
668
295
389
98
-352
366
-521
-491
-275
1
-616
-670
-556
351
315
-182
-693
700
-683
462
-428
-319
620
-439
-653
-301
-657
277
-661
-522
-254
45
64
250
267
-509
-40
